100000000
000011010
011001010
000010101
100000001
000011010
011001010
000010110
100000010
000011010
011001010
000011000
100000000
000010010
000010011
000011101
000011110
000010001
000011111
100010000
000010111
100000111
000011011
100000001
101000110
010001011
000011011
001000111
010101011
100000000
001100110
001100101
001100011
001100010
100010010
000011011
100000001
000110010
010101011
100000001
000011011
100000000
010101011
100111000
000011011
100000000
101000110
010001011
000011011
001001000
000110011
010101011
100001110
000011011
100000000
010101011
100010000
000011011
100000001
101000110
010001011
000011011
001001000
000110011
010101011
100000001
000011011
100000000
010101011
001000011
001011000
000010011
100000001
000011011
001000111
001011011
000010111
100011110
000011011
100000001
101000110
010001011
000011011
100000001
001010001
010101011
100000001
001101110
001101101
100001101
000011011
100000001
101000110
010001011
000011011
001111011
000011011
100000000
010101011
100010101
000011011
100000001
101000110
010001011
000011011
100000000
010101011
001111000
000000011
000010011
000010011
001000011
100000001
000011011
001000010
001011011
000010010
100000001
000011011
001000111
001011011
000010111
100110001
000011011
100000000
101000110
010001011
000011011
100000001
001010001
010101011
100000001
001101110
001101101
100111010
000011011
100000001
101000110
010001011
000011011
001111011
000011011
100000000
010101011
100000001
000011011
001000111
001011011
000010111
100001110
000011011
100000001
001010001
010101011
100000000
001101110
001101101
100100000
000011011
100000000
101000110
010001011
000011011
001111011
000011011
100000000
010101011
100000000
001101111
100101100
000011011
100000000
101000110
010001011
000011011
001111011
000011011
100000000
010101011
100000001
001101111
100111000
000011011
100000000
101000110
010001011
000011011
001111011
000011011
100000000
010101011
100010001
000011011
001000001
100000001
000011001
001001001
001010001
010101011
100001000
000010111
100000000
000010101
100000001
000010001
100010000
000011011
100000001
101000110
010001011
000011011
001111011
000011011
100000000
010101011
100100011
000011011
100000001
101000110
010001011
000011011
001111011
000011011
100000000
000011001
001000111
000111001
010101011
100000100
000011011
001001101
010111011
100000101
000011011
001001110
010111011
100000110
000011011
001001111
010111011
000100000
