100001000
000010001
011000001
000011001
100001001
000010001
011000001
000011000
100000000
000011010
000011011
000010101
100000001
000010110
100010000
000011100
100101101
000011111
100000001
101000110
010001111
000011111
001001100
010101111
100010011
000011111
001001001
001010101
010101111
100000101
000011111
001000101
000111001
010101111
100101010
000011111
100000000
010101111
100111010
000011111
001001000
000110110
010101111
100001010
000011111
100000000
010101111
100011100
000011111
001001000
000110110
010101111
100000001
000011111
100000000
010101111
001000101
001011001
000010101
001000110
001011000
000010110
100000001
001101011
001101010
100000000
001100101
001100110
100000001
000011111
001001100
001011111
000011100
100111110
000011111
001111111
000011111
100000000
010101111
100000000
001101011
001101010
100000000
001100110
001100101
100000001
000011111
001001100
001011111
000011100
100010011
000011111
100000001
101000110
010001111
000011111
001111111
000011111
100000000
010101111
001111000
000000110
000010110
100000001
000011111
001000101
001011111
000010101
001000101
001011001
000010101
100000001
001101011
001101010
100000000
001100101
001100110
100000001
000011111
001001100
001011111
000011100
100110011
000011111
100000001
101000110
010001111
000011111
001111111
000011111
100000000
010101111
100001011
000011100
001001011
010111100
100001010
000011101
001001010
010111101
000100000
